SURF
V 0.000 0.557 -6.359
V 0.000 0.756 -6.286
V 0.000 0.850 -6.032
V 0.000 0.904 -5.540
V 0.000 3.784 -6.288
V 0.000 3.771 -5.648
V 0.000 1.653 -3.608
V 0.000 1.141 -1.438
V 0.000 1.171 -0.587
V 0.000 1.223 0.233
V 0.000 1.289 1.038
V 0.000 1.423 2.355
V 0.000 1.305 3.060
V 0.000 0.865 4.087
V 0.000 0.456 4.768
V 0.000 0.277 5.781
V 0.000 0.115 6.289
V 0.000 0.024 6.429
V 0.000 -0.200 6.501
V 0.000 -0.300 6.429
V 0.000 -0.435 6.183
V 0.000 -0.503 3.861
V 0.000 -0.485 2.148
V 0.000 -0.130 -3.624
V 0.000 0.420 -6.153
V 1.256 -0.200 -1.717
V 1.293 -0.200 -1.201
V 5.436 -0.200 -2.237
V 5.133 -0.200 -1.202
V 5.353 -0.200 -1.545
V 1.287 -0.200 1.183
V 1.051 -0.200 2.462
V 0.632 -0.200 2.458
V 0.405 -0.200 5.781
V 0.219 -0.200 -6.033
V 0.467 -0.200 -4.413
V 0.641 -0.200 -4.198
V 0.883 -0.200 -4.078
V 1.040 -0.200 -2.074
V 0.000 -0.200 -6.359
V -1.256 -0.200 -1.717
V -1.293 -0.200 -1.201
V -5.436 -0.200 -2.237
V -5.133 -0.200 -1.202
V -5.353 -0.200 -1.545
V -1.287 -0.200 1.183
V -1.051 -0.200 2.462
V -0.632 -0.200 2.458
V -0.405 -0.200 5.781
V -0.219 -0.200 -6.033
V -0.467 -0.200 -4.413
V -0.641 -0.200 -4.198
V -0.883 -0.200 -4.078
V -1.040 -0.200 -2.074
V 0.000 1.428 2.488
V -0.225 1.350 2.488
V -0.415 1.165 2.488
V -0.495 0.882 2.488
V -0.548 0.618 2.488
V -0.543 -0.077 2.488
V -0.335 -0.368 2.488
V -0.166 -0.481 2.488
V 0.000 -0.485 2.488
V 0.000 1.223 0.228
V -0.236 1.134 0.228
V -0.371 0.983 0.228
V -0.614 0.689 0.228
V -1.220 0.626 0.228
V -1.110 0.381 0.228
V -1.162 0.173 0.228
V -1.190 -0.095 0.228
V -1.165 -0.269 0.228
V -1.096 -0.563 0.228
V -0.947 -0.709 0.228
V -0.567 -0.736 0.228
V -0.388 -0.674 0.228
V -0.283 -0.587 0.228
V -0.217 -0.359 0.228
V 0.000 -0.390 0.228
V 0.000 1.035 -3.820
V -0.220 0.919 -3.820
V -0.485 0.582 -3.820
V -0.526 0.413 -3.820
V -0.570 0.284 -3.820
V -0.771 0.074 -3.820
V -0.838 -0.010 -3.820
V -0.857 -0.122 -3.820
V -0.855 -0.235 -3.820
V -0.801 -0.303 -3.820
V -0.689 -0.343 -3.820
V -0.552 -0.314 -3.820
V -0.435 -0.192 -3.820
V 0.000 -0.130 -3.820
V 0.225 1.350 2.488
V 0.415 1.165 2.488
V 0.495 0.882 2.488
V 0.548 0.618 2.488
V 0.543 -0.077 2.488
V 0.335 -0.368 2.488
V 0.166 -0.481 2.488
V 0.236 1.134 0.228
V 0.371 0.983 0.228
V 0.614 0.689 0.228
V 1.220 0.626 0.228
V 1.110 0.381 0.228
V 1.162 0.173 0.228
V 1.190 -0.095 0.228
V 1.165 -0.269 0.228
V 1.096 -0.563 0.228
V 0.947 -0.709 0.228
V 0.567 -0.736 0.228
V 0.388 -0.674 0.228
V 0.283 -0.587 0.228
V 0.217 -0.359 0.228
V 0.220 0.919 -3.820
V 0.485 0.582 -3.820
V 0.526 0.413 -3.820
V 0.570 0.284 -3.820
V 0.771 0.074 -3.820
V 0.838 -0.010 -3.820
V 0.857 -0.122 -3.820
V 0.855 -0.235 -3.820
V 0.801 -0.303 -3.820
V 0.689 -0.343 -3.820
V 0.552 -0.314 -3.820
V 0.435 -0.192 -3.820
V 0.000 0.557 -6.359
F
C 31
N 0.000 0.797 0.304 1.000 0.000 0.000
V 1 0 24 23 22 21 20 19 18 17
V 16 15 14 13 12 11 10 9 8 7
V 6 5 4 3 2
E
F
C 31
N 0.000 -0.200 -1.116 0.000 -1.000 0.000
V 18 33 32 31 30 28 29 27 26 25
V 38 37 36 35 34 39 49 50 51 52
V 53 40 41 42 44 43 45 46 47 48
E
F
C 31
N 0.000 0.445 2.488 0.000 0.000 -1.000
V 58 59 60 61 62 99 98 97 96 95
V 94 93 54 55 56 57
E
F
C 31
N 0.000 0.027 0.228 0.000 0.000 -1.000
V 75 76 77 78 113 112 111 110 109 108
V 107 106 105 104 103 102 101 100 63 64
V 65 66 67 68 69 70 71 72 73 74
E
F
C 31
N 0.000 0.093 -3.820 0.000 0.000 -1.000
V 88 89 90 91 92 125 124 123 122 121
V 120 119 118 117 116 115 114 79 80 81
V 82 83 84 85 86 87
E
F
C 31
N 0.000 0.797 0.304 -1.000 0.000 0.000
V 2 3 4 5 6 7 8 9 10 11
V 12 13 14 15 16 17 18 19 20 21
V 22 23 24 126 1
E
F
C 31
N 0.000 -0.200 -1.116 0.000 1.000 0.000
V 48 47 46 45 43 44 42 41 40 53
V 52 51 50 49 39 34 35 36 37 38
V 25 26 27 29 28 30 31 32 33 18
E
F
C 31
N 0.000 0.445 2.488 0.000 0.000 1.000
V 57 56 55 54 93 94 95 96 97 98
V 99 62 61 60 59 58
E
F
C 31
N 0.000 0.027 0.228 0.000 0.000 1.000
V 74 73 72 71 70 69 68 67 66 65
V 64 63 100 101 102 103 104 105 106 107
V 108 109 110 111 112 113 78 77 76 75
E
F
C 31
N 0.000 0.093 -3.820 0.000 0.000 1.000
V 87 86 85 84 83 82 81 80 79 114
V 115 116 117 118 119 120 121 122 123 124
V 125 92 91 90 89 88
E
E
